            0            0
   1.0101e-02   8.5976e-02
   2.0202e-02   1.6272e-01
   3.0303e-02   2.3112e-01
   4.0404e-02   2.9198e-01
   5.0505e-02   3.4602e-01
   6.0606e-02   3.9390e-01
   7.0707e-02   4.3621e-01
   8.0808e-02   4.7348e-01
   9.0909e-02   5.0620e-01
   1.0101e-01   5.3481e-01
   1.1111e-01   5.5970e-01
   1.2121e-01   5.8123e-01
   1.3131e-01   5.9972e-01
   1.4141e-01   6.1546e-01
   1.5152e-01   6.2872e-01
   1.6162e-01   6.3973e-01
   1.7172e-01   6.4872e-01
   1.8182e-01   6.5587e-01
   1.9192e-01   6.6136e-01
   2.0202e-01   6.6536e-01
   2.1212e-01   6.6800e-01
   2.2222e-01   6.6942e-01
   2.3232e-01   6.6973e-01
   2.4242e-01   6.6904e-01
   2.5253e-01   6.6745e-01
   2.6263e-01   6.6504e-01
   2.7273e-01   6.6189e-01
   2.8283e-01   6.5807e-01
   2.9293e-01   6.5365e-01
   3.0303e-01   6.4868e-01
   3.1313e-01   6.4322e-01
   3.2323e-01   6.3732e-01
   3.3333e-01   6.3101e-01
   3.4343e-01   6.2433e-01
   3.5354e-01   6.1733e-01
   3.6364e-01   6.1003e-01
   3.7374e-01   6.0246e-01
   3.8384e-01   5.9465e-01
   3.9394e-01   5.8662e-01
   4.0404e-01   5.7839e-01
   4.1414e-01   5.6998e-01
   4.2424e-01   5.6140e-01
   4.3434e-01   5.5268e-01
   4.4444e-01   5.4383e-01
   4.5455e-01   5.3486e-01
   4.6465e-01   5.2578e-01
   4.7475e-01   5.1660e-01
   4.8485e-01   5.0733e-01
   4.9495e-01   4.9799e-01
   5.0505e-01   4.8857e-01
   5.1515e-01   4.7908e-01
   5.2525e-01   4.6954e-01
   5.3535e-01   4.5994e-01
   5.4545e-01   4.5029e-01
   5.5556e-01   4.4060e-01
   5.6566e-01   4.3087e-01
   5.7576e-01   4.2111e-01
   5.8586e-01   4.1131e-01
   5.9596e-01   4.0149e-01
   6.0606e-01   3.9163e-01
   6.1616e-01   3.8176e-01
   6.2626e-01   3.7186e-01
   6.3636e-01   3.6194e-01
   6.4646e-01   3.5201e-01
   6.5657e-01   3.4206e-01
   6.6667e-01   3.3209e-01
   6.7677e-01   3.2211e-01
   6.8687e-01   3.1212e-01
   6.9697e-01   3.0212e-01
   7.0707e-01   2.9211e-01
   7.1717e-01   2.8209e-01
   7.2727e-01   2.7207e-01
   7.3737e-01   2.6203e-01
   7.4747e-01   2.5199e-01
   7.5758e-01   2.4195e-01
   7.6768e-01   2.3189e-01
   7.7778e-01   2.2184e-01
   7.8788e-01   2.1178e-01
   7.9798e-01   2.0171e-01
   8.0808e-01   1.9165e-01
   8.1818e-01   1.8158e-01
   8.2828e-01   1.7150e-01
   8.3838e-01   1.6143e-01
   8.4848e-01   1.5135e-01
   8.5859e-01   1.4127e-01
   8.6869e-01   1.3118e-01
   8.7879e-01   1.2110e-01
   8.8889e-01   1.1101e-01
   8.9899e-01   1.0093e-01
   9.0909e-01   9.0838e-02
   9.1919e-01   8.0748e-02
   9.2929e-01   7.0657e-02
   9.3939e-01   6.0565e-02
   9.4949e-01   5.0473e-02
   9.5960e-01   4.0380e-02
   9.6970e-01   3.0286e-02
   9.7980e-01   2.0191e-02
   9.8990e-01   1.0096e-02
   1.0000e+00  -1.2059e-12
