  0.0000e+00  0.0000e+00
  1.0000e-02  1.0000e-04
  2.0000e-02  4.0000e-04
  3.0000e-02  9.0000e-04
  4.0000e-02  1.6000e-03
  5.0000e-02  2.5000e-03
  6.0000e-02  3.6000e-03
  7.0000e-02  4.9000e-03
  8.0000e-02  6.4000e-03
  9.0000e-02  8.1000e-03
  1.0000e-01  1.0000e-02
  1.1000e-01  1.2100e-02
  1.2000e-01  1.4400e-02
  1.3000e-01  1.6900e-02
  1.4000e-01  1.9600e-02
  1.5000e-01  2.2500e-02
  1.6000e-01  2.5600e-02
  1.7000e-01  2.8900e-02
  1.8000e-01  3.2400e-02
  1.9000e-01  3.6100e-02
  2.0000e-01  4.0000e-02
  2.1000e-01  4.4100e-02
  2.2000e-01  4.8400e-02
  2.3000e-01  5.2900e-02
  2.4000e-01  5.7600e-02
  2.5000e-01  6.2500e-02
  2.6000e-01  6.7600e-02
  2.7000e-01  7.2900e-02
  2.8000e-01  7.8400e-02
  2.9000e-01  8.4100e-02
  3.0000e-01  9.0000e-02
  3.1000e-01  9.6100e-02
  3.2000e-01  1.0240e-01
  3.3000e-01  1.0890e-01
  3.4000e-01  1.1560e-01
  3.5000e-01  1.2250e-01
  3.6000e-01  1.2960e-01
  3.7000e-01  1.3690e-01
  3.8000e-01  1.4440e-01
  3.9000e-01  1.5210e-01
  4.0000e-01  1.6000e-01
  4.1000e-01  1.6810e-01
  4.2000e-01  1.7640e-01
  4.3000e-01  1.8490e-01
  4.4000e-01  1.9360e-01
  4.5000e-01  2.0250e-01
  4.6000e-01  2.1160e-01
  4.7000e-01  2.2090e-01
  4.8000e-01  2.3040e-01
  4.9000e-01  2.4010e-01
  5.0000e-01  2.5000e-01
  5.1000e-01  2.6010e-01
  5.2000e-01  2.7040e-01
  5.3000e-01  2.8090e-01
  5.4000e-01  2.9160e-01
  5.5000e-01  3.0250e-01
  5.6000e-01  3.1360e-01
  5.7000e-01  3.2490e-01
  5.8000e-01  3.3640e-01
  5.9000e-01  3.4810e-01
  6.0000e-01  3.6000e-01
  6.1000e-01  3.7210e-01
  6.2000e-01  3.8440e-01
  6.3000e-01  3.9690e-01
  6.4000e-01  4.0960e-01
  6.5000e-01  4.2250e-01
  6.6000e-01  4.3560e-01
  6.7000e-01  4.4890e-01
  6.8000e-01  4.6240e-01
  6.9000e-01  4.7610e-01
  7.0000e-01  4.9000e-01
  7.1000e-01  5.0410e-01
  7.2000e-01  5.1840e-01
  7.3000e-01  5.3290e-01
  7.4000e-01  5.4760e-01
  7.5000e-01  5.6250e-01
  7.6000e-01  5.7760e-01
  7.7000e-01  5.9290e-01
  7.8000e-01  6.0840e-01
  7.9000e-01  6.2410e-01
  8.0000e-01  6.4000e-01
  8.1000e-01  6.5610e-01
  8.2000e-01  6.7240e-01
  8.3000e-01  6.8890e-01
  8.4000e-01  7.0560e-01
  8.5000e-01  7.2250e-01
  8.6000e-01  7.3960e-01
  8.7000e-01  7.5690e-01
  8.8000e-01  7.7440e-01
  8.9000e-01  7.9210e-01
  9.0000e-01  8.1000e-01
  9.1000e-01  8.2810e-01
  9.2000e-01  8.4640e-01
  9.3000e-01  8.6490e-01
  9.4000e-01  8.8360e-01
  9.5000e-01  9.0250e-01
  9.6000e-01  9.2160e-01
  9.7000e-01  9.4090e-01
  9.8000e-01  9.6040e-01
  9.9000e-01  9.8010e-01
  1.0000e+00  1.0000e+00
