        0        0
   0.0010   0.0090
   0.0020   0.0178
   0.0030   0.0266
   0.0040   0.0352
   0.0050   0.0438
   0.0060   0.0522
   0.0070   0.0606
   0.0080   0.0689
   0.0090   0.0771
   0.0100   0.0852
   0.0110   0.0932
   0.0120   0.1011
   0.0130   0.1089
   0.0140   0.1166
   0.0150   0.1243
   0.0160   0.1319
   0.0170   0.1393
   0.0180   0.1467
   0.0190   0.1540
   0.0200   0.1613
   0.0210   0.1684
   0.0220   0.1755
   0.0230   0.1825
   0.0240   0.1894
   0.0250   0.1962
   0.0260   0.2029
   0.0270   0.2096
   0.0280   0.2162
   0.0290   0.2227
   0.0300   0.2292
   0.0310   0.2356
   0.0320   0.2419
   0.0330   0.2481
   0.0340   0.2542
   0.0350   0.2603
   0.0360   0.2663
   0.0370   0.2723
   0.0380   0.2781
   0.0390   0.2839
   0.0400   0.2897
   0.0410   0.2953
   0.0420   0.3010
   0.0430   0.3065
   0.0440   0.3120
   0.0450   0.3174
   0.0460   0.3227
   0.0470   0.3280
   0.0480   0.3332
   0.0490   0.3384
   0.0500   0.3435
   0.0510   0.3485
   0.0520   0.3535
   0.0530   0.3584
   0.0540   0.3633
   0.0550   0.3680
   0.0560   0.3728
   0.0570   0.3775
   0.0580   0.3821
   0.0590   0.3867
   0.0600   0.3912
   0.0610   0.3956
   0.0620   0.4001
   0.0630   0.4044
   0.0640   0.4087
   0.0650   0.4130
   0.0660   0.4171
   0.0670   0.4213
   0.0680   0.4254
   0.0690   0.4294
   0.0700   0.4334
   0.0710   0.4374
   0.0720   0.4412
   0.0730   0.4451
   0.0740   0.4489
   0.0750   0.4526
   0.0760   0.4563
   0.0770   0.4600
   0.0780   0.4636
   0.0790   0.4672
   0.0800   0.4707
   0.0810   0.4741
   0.0820   0.4776
   0.0830   0.4810
   0.0840   0.4843
   0.0850   0.4876
   0.0860   0.4908
   0.0870   0.4940
   0.0880   0.4972
   0.0890   0.5003
   0.0900   0.5034
   0.0910   0.5065
   0.0920   0.5095
   0.0930   0.5124
   0.0940   0.5154
   0.0950   0.5183
   0.0960   0.5211
   0.0970   0.5239
   0.0980   0.5267
   0.0990   0.5294
   0.1000   0.5321
   0.1010   0.5348
   0.1020   0.5374
   0.1030   0.5400
   0.1040   0.5425
   0.1050   0.5451
   0.1060   0.5475
   0.1070   0.5500
   0.1080   0.5524
   0.1090   0.5548
   0.1100   0.5571
   0.1110   0.5594
   0.1120   0.5617
   0.1130   0.5640
   0.1140   0.5662
   0.1150   0.5684
   0.1160   0.5705
   0.1170   0.5726
   0.1180   0.5747
   0.1190   0.5768
   0.1200   0.5788
   0.1210   0.5808
   0.1220   0.5828
   0.1230   0.5847
   0.1240   0.5866
   0.1250   0.5885
   0.1260   0.5903
   0.1270   0.5922
   0.1280   0.5940
   0.1290   0.5957
   0.1300   0.5975
   0.1310   0.5992
   0.1320   0.6009
   0.1330   0.6025
   0.1340   0.6042
   0.1350   0.6058
   0.1360   0.6073
   0.1370   0.6089
   0.1380   0.6104
   0.1390   0.6119
   0.1400   0.6134
   0.1410   0.6149
   0.1420   0.6163
   0.1430   0.6177
   0.1440   0.6191
   0.1450   0.6204
   0.1460   0.6218
   0.1470   0.6231
   0.1480   0.6244
   0.1490   0.6256
   0.1500   0.6269
   0.1510   0.6281
   0.1520   0.6293
   0.1530   0.6305
   0.1540   0.6316
   0.1550   0.6328
   0.1560   0.6339
   0.1570   0.6350
   0.1580   0.6360
   0.1590   0.6371
   0.1600   0.6381
   0.1610   0.6391
   0.1620   0.6401
   0.1630   0.6411
   0.1640   0.6420
   0.1650   0.6430
   0.1660   0.6439
   0.1670   0.6448
   0.1680   0.6456
   0.1690   0.6465
   0.1700   0.6473
   0.1710   0.6481
   0.1720   0.6489
   0.1730   0.6497
   0.1740   0.6505
   0.1750   0.6512
   0.1760   0.6520
   0.1770   0.6527
   0.1780   0.6534
   0.1790   0.6540
   0.1800   0.6547
   0.1810   0.6553
   0.1820   0.6560
   0.1830   0.6566
   0.1840   0.6572
   0.1850   0.6578
   0.1860   0.6583
   0.1870   0.6589
   0.1880   0.6594
   0.1890   0.6599
   0.1900   0.6604
   0.1910   0.6609
   0.1920   0.6614
   0.1930   0.6619
   0.1940   0.6623
   0.1950   0.6627
   0.1960   0.6631
   0.1970   0.6635
   0.1980   0.6639
   0.1990   0.6643
   0.2000   0.6647
   0.2010   0.6650
   0.2020   0.6653
   0.2030   0.6657
   0.2040   0.6660
   0.2050   0.6663
   0.2060   0.6665
   0.2070   0.6668
   0.2080   0.6671
   0.2090   0.6673
   0.2100   0.6675
   0.2110   0.6678
   0.2120   0.6680
   0.2130   0.6682
   0.2140   0.6683
   0.2150   0.6685
   0.2160   0.6687
   0.2170   0.6688
   0.2180   0.6690
   0.2190   0.6691
   0.2200   0.6692
   0.2210   0.6693
   0.2220   0.6694
   0.2230   0.6695
   0.2240   0.6695
   0.2250   0.6696
   0.2260   0.6697
   0.2270   0.6697
   0.2280   0.6697
   0.2290   0.6697
   0.2300   0.6697
   0.2310   0.6697
   0.2320   0.6697
   0.2330   0.6697
   0.2340   0.6697
   0.2350   0.6696
   0.2360   0.6696
   0.2370   0.6695
   0.2380   0.6695
   0.2390   0.6694
   0.2400   0.6693
   0.2410   0.6692
   0.2420   0.6691
   0.2430   0.6690
   0.2440   0.6688
   0.2450   0.6687
   0.2460   0.6686
   0.2470   0.6684
   0.2480   0.6683
   0.2490   0.6681
   0.2500   0.6679
   0.2510   0.6677
   0.2520   0.6675
   0.2530   0.6673
   0.2540   0.6671
   0.2550   0.6669
   0.2560   0.6667
   0.2570   0.6665
   0.2580   0.6662
   0.2590   0.6660
   0.2600   0.6657
   0.2610   0.6655
   0.2620   0.6652
   0.2630   0.6649
   0.2640   0.6646
   0.2650   0.6644
   0.2660   0.6641
   0.2670   0.6638
   0.2680   0.6634
   0.2690   0.6631
   0.2700   0.6628
   0.2710   0.6625
   0.2720   0.6621
   0.2730   0.6618
   0.2740   0.6614
   0.2750   0.6611
   0.2760   0.6607
   0.2770   0.6603
   0.2780   0.6600
   0.2790   0.6596
   0.2800   0.6592
   0.2810   0.6588
   0.2820   0.6584
   0.2830   0.6580
   0.2840   0.6576
   0.2850   0.6572
   0.2860   0.6567
   0.2870   0.6563
   0.2880   0.6559
   0.2890   0.6554
   0.2900   0.6550
   0.2910   0.6545
   0.2920   0.6541
   0.2930   0.6536
   0.2940   0.6531
   0.2950   0.6527
   0.2960   0.6522
   0.2970   0.6517
   0.2980   0.6512
   0.2990   0.6507
   0.3000   0.6502
   0.3010   0.6497
   0.3020   0.6492
   0.3030   0.6487
   0.3040   0.6482
   0.3050   0.6476
   0.3060   0.6471
   0.3070   0.6466
   0.3080   0.6460
   0.3090   0.6455
   0.3100   0.6450
   0.3110   0.6444
   0.3120   0.6439
   0.3130   0.6433
   0.3140   0.6427
   0.3150   0.6422
   0.3160   0.6416
   0.3170   0.6410
   0.3180   0.6404
   0.3190   0.6398
   0.3200   0.6392
   0.3210   0.6387
   0.3220   0.6381
   0.3230   0.6375
   0.3240   0.6368
   0.3250   0.6362
   0.3260   0.6356
   0.3270   0.6350
   0.3280   0.6344
   0.3290   0.6338
   0.3300   0.6331
   0.3310   0.6325
   0.3320   0.6319
   0.3330   0.6312
   0.3340   0.6306
   0.3350   0.6299
   0.3360   0.6293
   0.3370   0.6286
   0.3380   0.6280
   0.3390   0.6273
   0.3400   0.6266
   0.3410   0.6260
   0.3420   0.6253
   0.3430   0.6246
   0.3440   0.6239
   0.3450   0.6233
   0.3460   0.6226
   0.3470   0.6219
   0.3480   0.6212
   0.3490   0.6205
   0.3500   0.6198
   0.3510   0.6191
   0.3520   0.6184
   0.3530   0.6177
   0.3540   0.6170
   0.3550   0.6163
   0.3560   0.6156
   0.3570   0.6149
   0.3580   0.6141
   0.3590   0.6134
   0.3600   0.6127
   0.3610   0.6120
   0.3620   0.6112
   0.3630   0.6105
   0.3640   0.6098
   0.3650   0.6090
   0.3660   0.6083
   0.3670   0.6075
   0.3680   0.6068
   0.3690   0.6060
   0.3700   0.6053
   0.3710   0.6045
   0.3720   0.6038
   0.3730   0.6030
   0.3740   0.6023
   0.3750   0.6015
   0.3760   0.6007
   0.3770   0.6000
   0.3780   0.5992
   0.3790   0.5984
   0.3800   0.5976
   0.3810   0.5969
   0.3820   0.5961
   0.3830   0.5953
   0.3840   0.5945
   0.3850   0.5937
   0.3860   0.5929
   0.3870   0.5922
   0.3880   0.5914
   0.3890   0.5906
   0.3900   0.5898
   0.3910   0.5890
   0.3920   0.5882
   0.3930   0.5874
   0.3940   0.5866
   0.3950   0.5858
   0.3960   0.5849
   0.3970   0.5841
   0.3980   0.5833
   0.3990   0.5825
   0.4000   0.5817
   0.4010   0.5809
   0.4020   0.5801
   0.4030   0.5792
   0.4040   0.5784
   0.4050   0.5776
   0.4060   0.5768
   0.4070   0.5759
   0.4080   0.5751
   0.4090   0.5743
   0.4100   0.5734
   0.4110   0.5726
   0.4120   0.5718
   0.4130   0.5709
   0.4140   0.5701
   0.4150   0.5692
   0.4160   0.5684
   0.4170   0.5676
   0.4180   0.5667
   0.4190   0.5659
   0.4200   0.5650
   0.4210   0.5642
   0.4220   0.5633
   0.4230   0.5625
   0.4240   0.5616
   0.4250   0.5608
   0.4260   0.5599
   0.4270   0.5590
   0.4280   0.5582
   0.4290   0.5573
   0.4300   0.5564
   0.4310   0.5556
   0.4320   0.5547
   0.4330   0.5538
   0.4340   0.5530
   0.4350   0.5521
   0.4360   0.5512
   0.4370   0.5504
   0.4380   0.5495
   0.4390   0.5486
   0.4400   0.5477
   0.4410   0.5469
   0.4420   0.5460
   0.4430   0.5451
   0.4440   0.5442
   0.4450   0.5433
   0.4460   0.5425
   0.4470   0.5416
   0.4480   0.5407
   0.4490   0.5398
   0.4500   0.5389
   0.4510   0.5380
   0.4520   0.5371
   0.4530   0.5362
   0.4540   0.5353
   0.4550   0.5344
   0.4560   0.5336
   0.4570   0.5327
   0.4580   0.5318
   0.4590   0.5309
   0.4600   0.5300
   0.4610   0.5291
   0.4620   0.5282
   0.4630   0.5273
   0.4640   0.5264
   0.4650   0.5255
   0.4660   0.5246
   0.4670   0.5236
   0.4680   0.5227
   0.4690   0.5218
   0.4700   0.5209
   0.4710   0.5200
   0.4720   0.5191
   0.4730   0.5182
   0.4740   0.5173
   0.4750   0.5164
   0.4760   0.5155
   0.4770   0.5145
   0.4780   0.5136
   0.4790   0.5127
   0.4800   0.5118
   0.4810   0.5109
   0.4820   0.5100
   0.4830   0.5090
   0.4840   0.5081
   0.4850   0.5072
   0.4860   0.5063
   0.4870   0.5053
   0.4880   0.5044
   0.4890   0.5035
   0.4900   0.5026
   0.4910   0.5016
   0.4920   0.5007
   0.4930   0.4998
   0.4940   0.4989
   0.4950   0.4979
   0.4960   0.4970
   0.4970   0.4961
   0.4980   0.4951
   0.4990   0.4942
   0.5000   0.4933
   0.5010   0.4923
   0.5020   0.4914
   0.5030   0.4905
   0.5040   0.4895
   0.5050   0.4886
   0.5060   0.4877
   0.5070   0.4867
   0.5080   0.4858
   0.5090   0.4849
   0.5100   0.4839
   0.5110   0.4830
   0.5120   0.4820
   0.5130   0.4811
   0.5140   0.4802
   0.5150   0.4792
   0.5160   0.4783
   0.5170   0.4773
   0.5180   0.4764
   0.5190   0.4754
   0.5200   0.4745
   0.5210   0.4736
   0.5220   0.4726
   0.5230   0.4717
   0.5240   0.4707
   0.5250   0.4698
   0.5260   0.4688
   0.5270   0.4679
   0.5280   0.4669
   0.5290   0.4660
   0.5300   0.4650
   0.5310   0.4641
   0.5320   0.4631
   0.5330   0.4622
   0.5340   0.4612
   0.5350   0.4603
   0.5360   0.4593
   0.5370   0.4584
   0.5380   0.4574
   0.5390   0.4565
   0.5400   0.4555
   0.5410   0.4545
   0.5420   0.4536
   0.5430   0.4526
   0.5440   0.4517
   0.5450   0.4507
   0.5460   0.4498
   0.5470   0.4488
   0.5480   0.4479
   0.5490   0.4469
   0.5500   0.4459
   0.5510   0.4450
   0.5520   0.4440
   0.5530   0.4431
   0.5540   0.4421
   0.5550   0.4411
   0.5560   0.4402
   0.5570   0.4392
   0.5580   0.4382
   0.5590   0.4373
   0.5600   0.4363
   0.5610   0.4354
   0.5620   0.4344
   0.5630   0.4334
   0.5640   0.4325
   0.5650   0.4315
   0.5660   0.4305
   0.5670   0.4296
   0.5680   0.4286
   0.5690   0.4276
   0.5700   0.4267
   0.5710   0.4257
   0.5720   0.4247
   0.5730   0.4238
   0.5740   0.4228
   0.5750   0.4218
   0.5760   0.4209
   0.5770   0.4199
   0.5780   0.4189
   0.5790   0.4180
   0.5800   0.4170
   0.5810   0.4160
   0.5820   0.4151
   0.5830   0.4141
   0.5840   0.4131
   0.5850   0.4121
   0.5860   0.4112
   0.5870   0.4102
   0.5880   0.4092
   0.5890   0.4083
   0.5900   0.4073
   0.5910   0.4063
   0.5920   0.4053
   0.5930   0.4044
   0.5940   0.4034
   0.5950   0.4024
   0.5960   0.4014
   0.5970   0.4005
   0.5980   0.3995
   0.5990   0.3985
   0.6000   0.3975
   0.6010   0.3966
   0.6020   0.3956
   0.6030   0.3946
   0.6040   0.3936
   0.6050   0.3927
   0.6060   0.3917
   0.6070   0.3907
   0.6080   0.3897
   0.6090   0.3888
   0.6100   0.3878
   0.6110   0.3868
   0.6120   0.3858
   0.6130   0.3848
   0.6140   0.3839
   0.6150   0.3829
   0.6160   0.3819
   0.6170   0.3809
   0.6180   0.3800
   0.6190   0.3790
   0.6200   0.3780
   0.6210   0.3770
   0.6220   0.3760
   0.6230   0.3751
   0.6240   0.3741
   0.6250   0.3731
   0.6260   0.3721
   0.6270   0.3711
   0.6280   0.3702
   0.6290   0.3692
   0.6300   0.3682
   0.6310   0.3672
   0.6320   0.3662
   0.6330   0.3652
   0.6340   0.3643
   0.6350   0.3633
   0.6360   0.3623
   0.6370   0.3613
   0.6380   0.3603
   0.6390   0.3593
   0.6400   0.3584
   0.6410   0.3574
   0.6420   0.3564
   0.6430   0.3554
   0.6440   0.3544
   0.6450   0.3534
   0.6460   0.3525
   0.6470   0.3515
   0.6480   0.3505
   0.6490   0.3495
   0.6500   0.3485
   0.6510   0.3475
   0.6520   0.3466
   0.6530   0.3456
   0.6540   0.3446
   0.6550   0.3436
   0.6560   0.3426
   0.6570   0.3416
   0.6580   0.3406
   0.6590   0.3397
   0.6600   0.3387
   0.6610   0.3377
   0.6620   0.3367
   0.6630   0.3357
   0.6640   0.3347
   0.6650   0.3337
   0.6660   0.3327
   0.6670   0.3318
   0.6680   0.3308
   0.6690   0.3298
   0.6700   0.3288
   0.6710   0.3278
   0.6720   0.3268
   0.6730   0.3258
   0.6740   0.3248
   0.6750   0.3239
   0.6760   0.3229
   0.6770   0.3219
   0.6780   0.3209
   0.6790   0.3199
   0.6800   0.3189
   0.6810   0.3179
   0.6820   0.3169
   0.6830   0.3159
   0.6840   0.3150
   0.6850   0.3140
   0.6860   0.3130
   0.6870   0.3120
   0.6880   0.3110
   0.6890   0.3100
   0.6900   0.3090
   0.6910   0.3080
   0.6920   0.3070
   0.6930   0.3061
   0.6940   0.3051
   0.6950   0.3041
   0.6960   0.3031
   0.6970   0.3021
   0.6980   0.3011
   0.6990   0.3001
   0.7000   0.2991
   0.7010   0.2981
   0.7020   0.2971
   0.7030   0.2961
   0.7040   0.2952
   0.7050   0.2942
   0.7060   0.2932
   0.7070   0.2922
   0.7080   0.2912
   0.7090   0.2902
   0.7100   0.2892
   0.7110   0.2882
   0.7120   0.2872
   0.7130   0.2862
   0.7140   0.2852
   0.7150   0.2842
   0.7160   0.2833
   0.7170   0.2823
   0.7180   0.2813
   0.7190   0.2803
   0.7200   0.2793
   0.7210   0.2783
   0.7220   0.2773
   0.7230   0.2763
   0.7240   0.2753
   0.7250   0.2743
   0.7260   0.2733
   0.7270   0.2723
   0.7280   0.2713
   0.7290   0.2703
   0.7300   0.2694
   0.7310   0.2684
   0.7320   0.2674
   0.7330   0.2664
   0.7340   0.2654
   0.7350   0.2644
   0.7360   0.2634
   0.7370   0.2624
   0.7380   0.2614
   0.7390   0.2604
   0.7400   0.2594
   0.7410   0.2584
   0.7420   0.2574
   0.7430   0.2564
   0.7440   0.2554
   0.7450   0.2545
   0.7460   0.2535
   0.7470   0.2525
   0.7480   0.2515
   0.7490   0.2505
   0.7500   0.2495
   0.7510   0.2485
   0.7520   0.2475
   0.7530   0.2465
   0.7540   0.2455
   0.7550   0.2445
   0.7560   0.2435
   0.7570   0.2425
   0.7580   0.2415
   0.7590   0.2405
   0.7600   0.2395
   0.7610   0.2385
   0.7620   0.2375
   0.7630   0.2365
   0.7640   0.2356
   0.7650   0.2346
   0.7660   0.2336
   0.7670   0.2326
   0.7680   0.2316
   0.7690   0.2306
   0.7700   0.2296
   0.7710   0.2286
   0.7720   0.2276
   0.7730   0.2266
   0.7740   0.2256
   0.7750   0.2246
   0.7760   0.2236
   0.7770   0.2226
   0.7780   0.2216
   0.7790   0.2206
   0.7800   0.2196
   0.7810   0.2186
   0.7820   0.2176
   0.7830   0.2166
   0.7840   0.2156
   0.7850   0.2146
   0.7860   0.2136
   0.7870   0.2127
   0.7880   0.2117
   0.7890   0.2107
   0.7900   0.2097
   0.7910   0.2087
   0.7920   0.2077
   0.7930   0.2067
   0.7940   0.2057
   0.7950   0.2047
   0.7960   0.2037
   0.7970   0.2027
   0.7980   0.2017
   0.7990   0.2007
   0.8000   0.1997
   0.8010   0.1987
   0.8020   0.1977
   0.8030   0.1967
   0.8040   0.1957
   0.8050   0.1947
   0.8060   0.1937
   0.8070   0.1927
   0.8080   0.1917
   0.8090   0.1907
   0.8100   0.1897
   0.8110   0.1887
   0.8120   0.1877
   0.8130   0.1867
   0.8140   0.1857
   0.8150   0.1847
   0.8160   0.1837
   0.8170   0.1828
   0.8180   0.1818
   0.8190   0.1808
   0.8200   0.1798
   0.8210   0.1788
   0.8220   0.1778
   0.8230   0.1768
   0.8240   0.1758
   0.8250   0.1748
   0.8260   0.1738
   0.8270   0.1728
   0.8280   0.1718
   0.8290   0.1708
   0.8300   0.1698
   0.8310   0.1688
   0.8320   0.1678
   0.8330   0.1668
   0.8340   0.1658
   0.8350   0.1648
   0.8360   0.1638
   0.8370   0.1628
   0.8380   0.1618
   0.8390   0.1608
   0.8400   0.1598
   0.8410   0.1588
   0.8420   0.1578
   0.8430   0.1568
   0.8440   0.1558
   0.8450   0.1548
   0.8460   0.1538
   0.8470   0.1528
   0.8480   0.1518
   0.8490   0.1508
   0.8500   0.1498
   0.8510   0.1488
   0.8520   0.1478
   0.8530   0.1468
   0.8540   0.1458
   0.8550   0.1448
   0.8560   0.1438
   0.8570   0.1428
   0.8580   0.1418
   0.8590   0.1409
   0.8600   0.1399
   0.8610   0.1389
   0.8620   0.1379
   0.8630   0.1369
   0.8640   0.1359
   0.8650   0.1349
   0.8660   0.1339
   0.8670   0.1329
   0.8680   0.1319
   0.8690   0.1309
   0.8700   0.1299
   0.8710   0.1289
   0.8720   0.1279
   0.8730   0.1269
   0.8740   0.1259
   0.8750   0.1249
   0.8760   0.1239
   0.8770   0.1229
   0.8780   0.1219
   0.8790   0.1209
   0.8800   0.1199
   0.8810   0.1189
   0.8820   0.1179
   0.8830   0.1169
   0.8840   0.1159
   0.8850   0.1149
   0.8860   0.1139
   0.8870   0.1129
   0.8880   0.1119
   0.8890   0.1109
   0.8900   0.1099
   0.8910   0.1089
   0.8920   0.1079
   0.8930   0.1069
   0.8940   0.1059
   0.8950   0.1049
   0.8960   0.1039
   0.8970   0.1029
   0.8980   0.1019
   0.8990   0.1009
   0.9000   0.0999
   0.9010   0.0989
   0.9020   0.0979
   0.9030   0.0969
   0.9040   0.0959
   0.9050   0.0949
   0.9060   0.0939
   0.9070   0.0929
   0.9080   0.0919
   0.9090   0.0909
   0.9100   0.0899
   0.9110   0.0889
   0.9120   0.0879
   0.9130   0.0869
   0.9140   0.0859
   0.9150   0.0849
   0.9160   0.0839
   0.9170   0.0829
   0.9180   0.0819
   0.9190   0.0809
   0.9200   0.0799
   0.9210   0.0789
   0.9220   0.0779
   0.9230   0.0769
   0.9240   0.0759
   0.9250   0.0749
   0.9260   0.0739
   0.9270   0.0729
   0.9280   0.0719
   0.9290   0.0709
   0.9300   0.0700
   0.9310   0.0690
   0.9320   0.0680
   0.9330   0.0670
   0.9340   0.0660
   0.9350   0.0650
   0.9360   0.0640
   0.9370   0.0630
   0.9380   0.0620
   0.9390   0.0610
   0.9400   0.0600
   0.9410   0.0590
   0.9420   0.0580
   0.9430   0.0570
   0.9440   0.0560
   0.9450   0.0550
   0.9460   0.0540
   0.9470   0.0530
   0.9480   0.0520
   0.9490   0.0510
   0.9500   0.0500
   0.9510   0.0490
   0.9520   0.0480
   0.9530   0.0470
   0.9540   0.0460
   0.9550   0.0450
   0.9560   0.0440
   0.9570   0.0430
   0.9580   0.0420
   0.9590   0.0410
   0.9600   0.0400
   0.9610   0.0390
   0.9620   0.0380
   0.9630   0.0370
   0.9640   0.0360
   0.9650   0.0350
   0.9660   0.0340
   0.9670   0.0330
   0.9680   0.0320
   0.9690   0.0310
   0.9700   0.0300
   0.9710   0.0290
   0.9720   0.0280
   0.9730   0.0270
   0.9740   0.0260
   0.9750   0.0250
   0.9760   0.0240
   0.9770   0.0230
   0.9780   0.0220
   0.9790   0.0210
   0.9800   0.0200
   0.9810   0.0190
   0.9820   0.0180
   0.9830   0.0170
   0.9840   0.0160
   0.9850   0.0150
   0.9860   0.0140
   0.9870   0.0130
   0.9880   0.0120
   0.9890   0.0110
   0.9900   0.0100
   0.9910   0.0090
   0.9920   0.0080
   0.9930   0.0070
   0.9940   0.0060
   0.9950   0.0050
   0.9960   0.0040
   0.9970   0.0030
   0.9980   0.0020
   0.9990   0.0010
   1.0000        0

