            0            0   6.4214e-04
   1.0010e-03   8.9591e-03   1.1843e-03
   2.0020e-03   1.7819e-02   1.6279e-03
   3.0030e-03   2.6581e-02   2.0072e-03
   4.0040e-03   3.5245e-02   2.3392e-03
   5.0050e-03   4.3813e-02   2.6341e-03
   6.0060e-03   5.2286e-02   2.8987e-03
   7.0070e-03   6.0665e-02   3.1379e-03
   8.0080e-03   6.8950e-02   3.3553e-03
   9.0090e-03   7.7143e-02   3.5538e-03
   1.0010e-02   8.5244e-02   3.7355e-03
   1.1011e-02   9.3254e-02   3.9024e-03
   1.2012e-02   1.0117e-01   4.0559e-03
   1.3013e-02   1.0901e-01   4.1974e-03
   1.4014e-02   1.1675e-01   4.3279e-03
   1.5015e-02   1.2441e-01   4.4483e-03
   1.6016e-02   1.3198e-01   4.5596e-03
   1.7017e-02   1.3946e-01   4.6624e-03
   1.8018e-02   1.4686e-01   4.7574e-03
   1.9019e-02   1.5418e-01   4.8452e-03
   2.0020e-02   1.6141e-01   4.9262e-03
   2.1021e-02   1.6857e-01   5.0010e-03
   2.2022e-02   1.7564e-01   5.0699e-03
   2.3023e-02   1.8263e-01   5.1334e-03
   2.4024e-02   1.8954e-01   5.1917e-03
   2.5025e-02   1.9637e-01   5.2452e-03
   2.6026e-02   2.0312e-01   5.2942e-03
   2.7027e-02   2.0980e-01   5.3390e-03
   2.8028e-02   2.1640e-01   5.3798e-03
   2.9029e-02   2.2293e-01   5.4168e-03
   3.0030e-02   2.2938e-01   5.4502e-03
   3.1031e-02   2.3575e-01   5.4803e-03
   3.2032e-02   2.4205e-01   5.5072e-03
   3.3033e-02   2.4828e-01   5.5311e-03
   3.4034e-02   2.5444e-01   5.5522e-03
   3.5035e-02   2.6053e-01   5.5705e-03
   3.6036e-02   2.6654e-01   5.5863e-03
   3.7037e-02   2.7249e-01   5.5997e-03
   3.8038e-02   2.7836e-01   5.6108e-03
   3.9039e-02   2.8417e-01   5.6197e-03
   4.0040e-02   2.8991e-01   5.6265e-03
   4.1041e-02   2.9558e-01   5.6314e-03
   4.2042e-02   3.0119e-01   5.6344e-03
   4.3043e-02   3.0673e-01   5.6356e-03
   4.4044e-02   3.1221e-01   5.6351e-03
   4.5045e-02   3.1762e-01   5.6330e-03
   4.6046e-02   3.2296e-01   5.6294e-03
   4.7047e-02   3.2825e-01   5.6243e-03
   4.8048e-02   3.3347e-01   5.6178e-03
   4.9049e-02   3.3863e-01   5.6100e-03
   5.0050e-02   3.4373e-01   5.6010e-03
   5.1051e-02   3.4876e-01   5.5908e-03
   5.2052e-02   3.5374e-01   5.5794e-03
   5.3053e-02   3.5866e-01   5.5669e-03
   5.4054e-02   3.6352e-01   5.5535e-03
   5.5055e-02   3.6832e-01   5.5390e-03
   5.6056e-02   3.7306e-01   5.5236e-03
   5.7057e-02   3.7774e-01   5.5074e-03
   5.8058e-02   3.8237e-01   5.4902e-03
   5.9059e-02   3.8694e-01   5.4723e-03
   6.0060e-02   3.9146e-01   5.4537e-03
   6.1061e-02   3.9592e-01   5.4343e-03
   6.2062e-02   4.0033e-01   5.4142e-03
   6.3063e-02   4.0468e-01   5.3935e-03
   6.4064e-02   4.0898e-01   5.3721e-03
   6.5065e-02   4.1323e-01   5.3502e-03
   6.6066e-02   4.1743e-01   5.3277e-03
   6.7067e-02   4.2157e-01   5.3047e-03
   6.8068e-02   4.2566e-01   5.2812e-03
   6.9069e-02   4.2970e-01   5.2572e-03
   7.0070e-02   4.3370e-01   5.2328e-03
   7.1071e-02   4.3764e-01   5.2079e-03
   7.2072e-02   4.4153e-01   5.1827e-03
   7.3073e-02   4.4537e-01   5.1570e-03
   7.4074e-02   4.4917e-01   5.1311e-03
   7.5075e-02   4.5292e-01   5.1048e-03
   7.6076e-02   4.5662e-01   5.0782e-03
   7.7077e-02   4.6027e-01   5.0513e-03
   7.8078e-02   4.6388e-01   5.0241e-03
   7.9079e-02   4.6744e-01   4.9966e-03
   8.0080e-02   4.7095e-01   4.9690e-03
   8.1081e-02   4.7443e-01   4.9411e-03
   8.2082e-02   4.7785e-01   4.9130e-03
   8.3083e-02   4.8123e-01   4.8847e-03
   8.4084e-02   4.8457e-01   4.8562e-03
   8.5085e-02   4.8787e-01   4.8276e-03
   8.6086e-02   4.9112e-01   4.7988e-03
   8.7087e-02   4.9433e-01   4.7699e-03
   8.8088e-02   4.9750e-01   4.7409e-03
   8.9089e-02   5.0062e-01   4.7117e-03
   9.0090e-02   5.0371e-01   4.6825e-03
   9.1091e-02   5.0676e-01   4.6531e-03
   9.2092e-02   5.0976e-01   4.6237e-03
   9.3093e-02   5.1272e-01   4.5942e-03
   9.4094e-02   5.1565e-01   4.5647e-03
   9.5095e-02   5.1854e-01   4.5351e-03
   9.6096e-02   5.2138e-01   4.5054e-03
   9.7097e-02   5.2419e-01   4.4758e-03
   9.8098e-02   5.2696e-01   4.4461e-03
   9.9099e-02   5.2970e-01   4.4164e-03
   1.0010e-01   5.3239e-01   4.3867e-03
   1.0110e-01   5.3505e-01   4.3570e-03
   1.0210e-01   5.3768e-01   4.3273e-03
   1.0310e-01   5.4026e-01   4.2976e-03
   1.0410e-01   5.4281e-01   4.2679e-03
   1.0511e-01   5.4533e-01   4.2383e-03
   1.0611e-01   5.4781e-01   4.2087e-03
   1.0711e-01   5.5026e-01   4.1791e-03
   1.0811e-01   5.5267e-01   4.1496e-03
   1.0911e-01   5.5505e-01   4.1202e-03
   1.1011e-01   5.5739e-01   4.0908e-03
   1.1111e-01   5.5970e-01   4.0614e-03
   1.1211e-01   5.6198e-01   4.0321e-03
   1.1311e-01   5.6422e-01   4.0029e-03
   1.1411e-01   5.6644e-01   3.9738e-03
   1.1512e-01   5.6862e-01   3.9447e-03
   1.1612e-01   5.7077e-01   3.9157e-03
   1.1712e-01   5.7288e-01   3.8869e-03
   1.1812e-01   5.7497e-01   3.8581e-03
   1.1912e-01   5.7703e-01   3.8294e-03
   1.2012e-01   5.7905e-01   3.8007e-03
   1.2112e-01   5.8105e-01   3.7722e-03
   1.2212e-01   5.8301e-01   3.7438e-03
   1.2312e-01   5.8495e-01   3.7155e-03
   1.2412e-01   5.8686e-01   3.6874e-03
   1.2513e-01   5.8873e-01   3.6593e-03
   1.2613e-01   5.9058e-01   3.6313e-03
   1.2713e-01   5.9240e-01   3.6035e-03
   1.2813e-01   5.9420e-01   3.5757e-03
   1.2913e-01   5.9596e-01   3.5481e-03
   1.3013e-01   5.9770e-01   3.5207e-03
   1.3113e-01   5.9941e-01   3.4933e-03
   1.3213e-01   6.0109e-01   3.4661e-03
   1.3313e-01   6.0275e-01   3.4390e-03
   1.3413e-01   6.0438e-01   3.4120e-03
   1.3514e-01   6.0598e-01   3.3852e-03
   1.3614e-01   6.0756e-01   3.3585e-03
   1.3714e-01   6.0911e-01   3.3319e-03
   1.3814e-01   6.1064e-01   3.3055e-03
   1.3914e-01   6.1214e-01   3.2792e-03
   1.4014e-01   6.1361e-01   3.2531e-03
   1.4114e-01   6.1507e-01   3.2271e-03
   1.4214e-01   6.1649e-01   3.2012e-03
   1.4314e-01   6.1790e-01   3.1755e-03
   1.4414e-01   6.1928e-01   3.1499e-03
   1.4515e-01   6.2063e-01   3.1245e-03
   1.4615e-01   6.2196e-01   3.0992e-03
   1.4715e-01   6.2327e-01   3.0741e-03
   1.4815e-01   6.2456e-01   3.0491e-03
   1.4915e-01   6.2582e-01   3.0242e-03
   1.5015e-01   6.2706e-01   2.9995e-03
   1.5115e-01   6.2828e-01   2.9750e-03
   1.5215e-01   6.2948e-01   2.9506e-03
   1.5315e-01   6.3065e-01   2.9264e-03
   1.5415e-01   6.3180e-01   2.9023e-03
   1.5516e-01   6.3293e-01   2.8783e-03
   1.5616e-01   6.3404e-01   2.8545e-03
   1.5716e-01   6.3513e-01   2.8309e-03
   1.5816e-01   6.3620e-01   2.8074e-03
   1.5916e-01   6.3725e-01   2.7840e-03
   1.6016e-01   6.3827e-01   2.7608e-03
   1.6116e-01   6.3928e-01   2.7378e-03
   1.6216e-01   6.4027e-01   2.7149e-03
   1.6316e-01   6.4123e-01   2.6922e-03
   1.6416e-01   6.4218e-01   2.6696e-03
   1.6517e-01   6.4311e-01   2.6471e-03
   1.6617e-01   6.4402e-01   2.6249e-03
   1.6717e-01   6.4491e-01   2.6027e-03
   1.6817e-01   6.4578e-01   2.5807e-03
   1.6917e-01   6.4663e-01   2.5589e-03
   1.7017e-01   6.4746e-01   2.5372e-03
   1.7117e-01   6.4828e-01   2.5157e-03
   1.7217e-01   6.4908e-01   2.4943e-03
   1.7317e-01   6.4986e-01   2.4731e-03
   1.7417e-01   6.5062e-01   2.4520e-03
   1.7518e-01   6.5136e-01   2.4311e-03
   1.7618e-01   6.5209e-01   2.4103e-03
   1.7718e-01   6.5280e-01   2.3897e-03
   1.7818e-01   6.5349e-01   2.3692e-03
   1.7918e-01   6.5417e-01   2.3488e-03
   1.8018e-01   6.5483e-01   2.3286e-03
   1.8118e-01   6.5547e-01   2.3086e-03
   1.8218e-01   6.5610e-01   2.2887e-03
   1.8318e-01   6.5671e-01   2.2689e-03
   1.8418e-01   6.5730e-01   2.2493e-03
   1.8519e-01   6.5788e-01   2.2299e-03
   1.8619e-01   6.5844e-01   2.2106e-03
   1.8719e-01   6.5899e-01   2.1914e-03
   1.8819e-01   6.5952e-01   2.1724e-03
   1.8919e-01   6.6003e-01   2.1535e-03
   1.9019e-01   6.6053e-01   2.1347e-03
   1.9119e-01   6.6102e-01   2.1161e-03
   1.9219e-01   6.6149e-01   2.0977e-03
   1.9319e-01   6.6195e-01   2.0794e-03
   1.9419e-01   6.6239e-01   2.0612e-03
   1.9520e-01   6.6282e-01   2.0431e-03
   1.9620e-01   6.6323e-01   2.0252e-03
   1.9720e-01   6.6363e-01   2.0075e-03
   1.9820e-01   6.6401e-01   1.9898e-03
   1.9920e-01   6.6439e-01   1.9723e-03
   2.0020e-01   6.6474e-01   1.9550e-03
   2.0120e-01   6.6509e-01   1.9378e-03
   2.0220e-01   6.6542e-01   1.9207e-03
   2.0320e-01   6.6574e-01   1.9037e-03
   2.0420e-01   6.6604e-01   1.8869e-03
   2.0521e-01   6.6633e-01   1.8702e-03
   2.0621e-01   6.6661e-01   1.8537e-03
   2.0721e-01   6.6688e-01   1.8373e-03
   2.0821e-01   6.6713e-01   1.8210e-03
   2.0921e-01   6.6737e-01   1.8048e-03
   2.1021e-01   6.6760e-01   1.7888e-03
   2.1121e-01   6.6782e-01   1.7729e-03
   2.1221e-01   6.6802e-01   1.7571e-03
   2.1321e-01   6.6821e-01   1.7414e-03
   2.1421e-01   6.6839e-01   1.7259e-03
   2.1522e-01   6.6856e-01   1.7105e-03
   2.1622e-01   6.6872e-01   1.6952e-03
   2.1722e-01   6.6886e-01   1.6801e-03
   2.1822e-01   6.6900e-01   1.6651e-03
   2.1922e-01   6.6912e-01   1.6502e-03
   2.2022e-01   6.6923e-01   1.6354e-03
   2.2122e-01   6.6933e-01   1.6207e-03
   2.2222e-01   6.6942e-01   1.6062e-03
   2.2322e-01   6.6950e-01   1.5918e-03
   2.2422e-01   6.6957e-01   1.5774e-03
   2.2523e-01   6.6962e-01   1.5633e-03
   2.2623e-01   6.6967e-01   1.5492e-03
   2.2723e-01   6.6971e-01   1.5352e-03
   2.2823e-01   6.6973e-01   1.5214e-03
   2.2923e-01   6.6975e-01   1.5077e-03
   2.3023e-01   6.6975e-01   1.4941e-03
   2.3123e-01   6.6975e-01   1.4806e-03
   2.3223e-01   6.6973e-01   1.4672e-03
   2.3323e-01   6.6971e-01   1.4539e-03
   2.3423e-01   6.6967e-01   1.4408e-03
   2.3524e-01   6.6963e-01   1.4277e-03
   2.3624e-01   6.6958e-01   1.4148e-03
   2.3724e-01   6.6951e-01   1.4020e-03
   2.3824e-01   6.6944e-01   1.3892e-03
   2.3924e-01   6.6936e-01   1.3766e-03
   2.4024e-01   6.6927e-01   1.3641e-03
   2.4124e-01   6.6917e-01   1.3517e-03
   2.4224e-01   6.6906e-01   1.3394e-03
   2.4324e-01   6.6894e-01   1.3272e-03
   2.4424e-01   6.6882e-01   1.3151e-03
   2.4525e-01   6.6868e-01   1.3031e-03
   2.4625e-01   6.6854e-01   1.2913e-03
   2.4725e-01   6.6839e-01   1.2795e-03
   2.4825e-01   6.6823e-01   1.2678e-03
   2.4925e-01   6.6806e-01   1.2562e-03
   2.5025e-01   6.6788e-01   1.2447e-03
   2.5125e-01   6.6770e-01   1.2333e-03
   2.5225e-01   6.6750e-01   1.2221e-03
   2.5325e-01   6.6730e-01   1.2109e-03
   2.5425e-01   6.6709e-01   1.1998e-03
   2.5526e-01   6.6687e-01   1.1888e-03
   2.5626e-01   6.6665e-01   1.1779e-03
   2.5726e-01   6.6642e-01   1.1671e-03
   2.5826e-01   6.6617e-01   1.1564e-03
   2.5926e-01   6.6593e-01   1.1457e-03
   2.6026e-01   6.6567e-01   1.1352e-03
   2.6126e-01   6.6541e-01   1.1248e-03
   2.6226e-01   6.6514e-01   1.1144e-03
   2.6326e-01   6.6486e-01   1.1042e-03
   2.6426e-01   6.6457e-01   1.0940e-03
   2.6527e-01   6.6428e-01   1.0839e-03
   2.6627e-01   6.6398e-01   1.0739e-03
   2.6727e-01   6.6368e-01   1.0640e-03
   2.6827e-01   6.6336e-01   1.0542e-03
   2.6927e-01   6.6304e-01   1.0445e-03
   2.7027e-01   6.6272e-01   1.0348e-03
   2.7127e-01   6.6238e-01   1.0253e-03
   2.7227e-01   6.6204e-01   1.0158e-03
   2.7327e-01   6.6170e-01   1.0064e-03
   2.7427e-01   6.6134e-01   9.9707e-04
   2.7528e-01   6.6099e-01   9.8784e-04
   2.7628e-01   6.6062e-01   9.7869e-04
   2.7728e-01   6.6025e-01   9.6963e-04
   2.7828e-01   6.5987e-01   9.6064e-04
   2.7928e-01   6.5948e-01   9.5173e-04
   2.8028e-01   6.5909e-01   9.4290e-04
   2.8128e-01   6.5870e-01   9.3415e-04
   2.8228e-01   6.5829e-01   9.2548e-04
   2.8328e-01   6.5788e-01   9.1688e-04
   2.8428e-01   6.5747e-01   9.0836e-04
   2.8529e-01   6.5705e-01   8.9992e-04
   2.8629e-01   6.5662e-01   8.9155e-04
   2.8729e-01   6.5619e-01   8.8325e-04
   2.8829e-01   6.5575e-01   8.7503e-04
   2.8929e-01   6.5531e-01   8.6689e-04
   2.9029e-01   6.5486e-01   8.5881e-04
   2.9129e-01   6.5440e-01   8.5081e-04
   2.9229e-01   6.5394e-01   8.4288e-04
   2.9329e-01   6.5348e-01   8.3502e-04
   2.9429e-01   6.5301e-01   8.2723e-04
   2.9530e-01   6.5253e-01   8.1951e-04
   2.9630e-01   6.5205e-01   8.1186e-04
   2.9730e-01   6.5157e-01   8.0427e-04
   2.9830e-01   6.5107e-01   7.9676e-04
   2.9930e-01   6.5058e-01   7.8931e-04
   3.0030e-01   6.5008e-01   7.8193e-04
   3.0130e-01   6.4957e-01   7.7462e-04
   3.0230e-01   6.4906e-01   7.6737e-04
   3.0330e-01   6.4854e-01   7.6019e-04
   3.0430e-01   6.4802e-01   7.5307e-04
   3.0531e-01   6.4749e-01   7.4602e-04
   3.0631e-01   6.4696e-01   7.3903e-04
   3.0731e-01   6.4643e-01   7.3210e-04
   3.0831e-01   6.4589e-01   7.2524e-04
   3.0931e-01   6.4534e-01   7.1844e-04
   3.1031e-01   6.4479e-01   7.1170e-04
   3.1131e-01   6.4424e-01   7.0502e-04
   3.1231e-01   6.4368e-01   6.9840e-04
   3.1331e-01   6.4312e-01   6.9184e-04
   3.1431e-01   6.4255e-01   6.8534e-04
   3.1532e-01   6.4198e-01   6.7890e-04
   3.1632e-01   6.4141e-01   6.7252e-04
   3.1732e-01   6.4083e-01   6.6620e-04
   3.1832e-01   6.4024e-01   6.5993e-04
   3.1932e-01   6.3965e-01   6.5372e-04
   3.2032e-01   6.3906e-01   6.4757e-04
   3.2132e-01   6.3847e-01   6.4147e-04
   3.2232e-01   6.3787e-01   6.3543e-04
   3.2332e-01   6.3726e-01   6.2945e-04
   3.2432e-01   6.3665e-01   6.2352e-04
   3.2533e-01   6.3604e-01   6.1764e-04
   3.2633e-01   6.3543e-01   6.1182e-04
   3.2733e-01   6.3481e-01   6.0605e-04
   3.2833e-01   6.3418e-01   6.0033e-04
   3.2933e-01   6.3355e-01   5.9467e-04
   3.3033e-01   6.3292e-01   5.8905e-04
   3.3133e-01   6.3229e-01   5.8349e-04
   3.3233e-01   6.3165e-01   5.7798e-04
   3.3333e-01   6.3101e-01   5.7252e-04
   3.3433e-01   6.3036e-01   5.6711e-04
   3.3534e-01   6.2971e-01   5.6175e-04
   3.3634e-01   6.2906e-01   5.5644e-04
   3.3734e-01   6.2840e-01   5.5118e-04
   3.3834e-01   6.2774e-01   5.4596e-04
   3.3934e-01   6.2708e-01   5.4080e-04
   3.4034e-01   6.2642e-01   5.3568e-04
   3.4134e-01   6.2575e-01   5.3061e-04
   3.4234e-01   6.2507e-01   5.2558e-04
   3.4334e-01   6.2440e-01   5.2060e-04
   3.4434e-01   6.2372e-01   5.1567e-04
   3.4535e-01   6.2303e-01   5.1078e-04
   3.4635e-01   6.2235e-01   5.0594e-04
   3.4735e-01   6.2166e-01   5.0115e-04
   3.4835e-01   6.2097e-01   4.9639e-04
   3.4935e-01   6.2027e-01   4.9168e-04
   3.5035e-01   6.1957e-01   4.8702e-04
   3.5135e-01   6.1887e-01   4.8240e-04
   3.5235e-01   6.1817e-01   4.7782e-04
   3.5335e-01   6.1746e-01   4.7328e-04
   3.5435e-01   6.1675e-01   4.6878e-04
   3.5536e-01   6.1604e-01   4.6433e-04
   3.5636e-01   6.1532e-01   4.5992e-04
   3.5736e-01   6.1460e-01   4.5555e-04
   3.5836e-01   6.1388e-01   4.5122e-04
   3.5936e-01   6.1316e-01   4.4693e-04
   3.6036e-01   6.1243e-01   4.4268e-04
   3.6136e-01   6.1170e-01   4.3846e-04
   3.6236e-01   6.1097e-01   4.3429e-04
   3.6336e-01   6.1023e-01   4.3016e-04
   3.6436e-01   6.0950e-01   4.2606e-04
   3.6537e-01   6.0875e-01   4.2201e-04
   3.6637e-01   6.0801e-01   4.1799e-04
   3.6737e-01   6.0727e-01   4.1401e-04
   3.6837e-01   6.0652e-01   4.1006e-04
   3.6937e-01   6.0577e-01   4.0615e-04
   3.7037e-01   6.0501e-01   4.0228e-04
   3.7137e-01   6.0426e-01   3.9845e-04
   3.7237e-01   6.0350e-01   3.9465e-04
   3.7337e-01   6.0274e-01   3.9088e-04
   3.7437e-01   6.0198e-01   3.8715e-04
   3.7538e-01   6.0121e-01   3.8346e-04
   3.7638e-01   6.0044e-01   3.7980e-04
   3.7738e-01   5.9967e-01   3.7617e-04
   3.7838e-01   5.9890e-01   3.7258e-04
   3.7938e-01   5.9813e-01   3.6902e-04
   3.8038e-01   5.9735e-01   3.6550e-04
   3.8138e-01   5.9657e-01   3.6201e-04
   3.8238e-01   5.9579e-01   3.5855e-04
   3.8338e-01   5.9501e-01   3.5512e-04
   3.8438e-01   5.9422e-01   3.5172e-04
   3.8539e-01   5.9343e-01   3.4836e-04
   3.8639e-01   5.9264e-01   3.4503e-04
   3.8739e-01   5.9185e-01   3.4173e-04
   3.8839e-01   5.9106e-01   3.3846e-04
   3.8939e-01   5.9026e-01   3.3522e-04
   3.9039e-01   5.8946e-01   3.3201e-04
   3.9139e-01   5.8866e-01   3.2883e-04
   3.9239e-01   5.8786e-01   3.2569e-04
   3.9339e-01   5.8706e-01   3.2257e-04
   3.9439e-01   5.8625e-01   3.1948e-04
   3.9540e-01   5.8544e-01   3.1642e-04
   3.9640e-01   5.8463e-01   3.1338e-04
   3.9740e-01   5.8382e-01   3.1038e-04
   3.9840e-01   5.8301e-01   3.0741e-04
   3.9940e-01   5.8219e-01   3.0446e-04
   4.0040e-01   5.8138e-01   3.0154e-04
   4.0140e-01   5.8056e-01   2.9865e-04
   4.0240e-01   5.7973e-01   2.9578e-04
   4.0340e-01   5.7891e-01   2.9295e-04
   4.0440e-01   5.7809e-01   2.9013e-04
   4.0541e-01   5.7726e-01   2.8735e-04
   4.0641e-01   5.7643e-01   2.8459e-04
   4.0741e-01   5.7560e-01   2.8186e-04
   4.0841e-01   5.7477e-01   2.7915e-04
   4.0941e-01   5.7394e-01   2.7647e-04
   4.1041e-01   5.7310e-01   2.7382e-04
   4.1141e-01   5.7227e-01   2.7118e-04
   4.1241e-01   5.7143e-01   2.6858e-04
   4.1341e-01   5.7059e-01   2.6600e-04
   4.1441e-01   5.6975e-01   2.6344e-04
   4.1542e-01   5.6890e-01   2.6091e-04
   4.1642e-01   5.6806e-01   2.5840e-04
   4.1742e-01   5.6721e-01   2.5591e-04
   4.1842e-01   5.6637e-01   2.5345e-04
   4.1942e-01   5.6552e-01   2.5101e-04
   4.2042e-01   5.6467e-01   2.4860e-04
   4.2142e-01   5.6381e-01   2.4621e-04
   4.2242e-01   5.6296e-01   2.4384e-04
   4.2342e-01   5.6210e-01   2.4149e-04
   4.2442e-01   5.6125e-01   2.3916e-04
   4.2543e-01   5.6039e-01   2.3686e-04
   4.2643e-01   5.5953e-01   2.3458e-04
   4.2743e-01   5.5867e-01   2.3232e-04
   4.2843e-01   5.5781e-01   2.3008e-04
   4.2943e-01   5.5694e-01   2.2786e-04
   4.3043e-01   5.5608e-01   2.2567e-04
   4.3143e-01   5.5521e-01   2.2349e-04
   4.3243e-01   5.5434e-01   2.2134e-04
   4.3343e-01   5.5348e-01   2.1920e-04
   4.3443e-01   5.5261e-01   2.1709e-04
   4.3544e-01   5.5173e-01   2.1500e-04
   4.3644e-01   5.5086e-01   2.1292e-04
   4.3744e-01   5.4999e-01   2.1087e-04
   4.3844e-01   5.4911e-01   2.0883e-04
   4.3944e-01   5.4823e-01   2.0682e-04
   4.4044e-01   5.4736e-01   2.0482e-04
   4.4144e-01   5.4648e-01   2.0284e-04
   4.4244e-01   5.4560e-01   2.0088e-04
   4.4344e-01   5.4471e-01   1.9894e-04
   4.4444e-01   5.4383e-01   1.9702e-04
   4.4545e-01   5.4295e-01   1.9512e-04
   4.4645e-01   5.4206e-01   1.9323e-04
   4.4745e-01   5.4118e-01   1.9137e-04
   4.4845e-01   5.4029e-01   1.8952e-04
   4.4945e-01   5.3940e-01   1.8768e-04
   4.5045e-01   5.3851e-01   1.8587e-04
   4.5145e-01   5.3762e-01   1.8407e-04
   4.5245e-01   5.3673e-01   1.8229e-04
   4.5345e-01   5.3584e-01   1.8053e-04
   4.5445e-01   5.3494e-01   1.7878e-04
   4.5546e-01   5.3405e-01   1.7705e-04
   4.5646e-01   5.3315e-01   1.7534e-04
   4.5746e-01   5.3225e-01   1.7364e-04
   4.5846e-01   5.3135e-01   1.7196e-04
   4.5946e-01   5.3046e-01   1.7030e-04
   4.6046e-01   5.2955e-01   1.6865e-04
   4.6146e-01   5.2865e-01   1.6702e-04
   4.6246e-01   5.2775e-01   1.6540e-04
   4.6346e-01   5.2685e-01   1.6380e-04
   4.6446e-01   5.2594e-01   1.6221e-04
   4.6547e-01   5.2504e-01   1.6064e-04
   4.6647e-01   5.2413e-01   1.5908e-04
   4.6747e-01   5.2323e-01   1.5754e-04
   4.6847e-01   5.2232e-01   1.5601e-04
   4.6947e-01   5.2141e-01   1.5450e-04
   4.7047e-01   5.2050e-01   1.5300e-04
   4.7147e-01   5.1959e-01   1.5152e-04
   4.7247e-01   5.1868e-01   1.5005e-04
   4.7347e-01   5.1776e-01   1.4859e-04
   4.7447e-01   5.1685e-01   1.4715e-04
   4.7548e-01   5.1594e-01   1.4572e-04
   4.7648e-01   5.1502e-01   1.4431e-04
   4.7748e-01   5.1410e-01   1.4291e-04
   4.7848e-01   5.1319e-01   1.4152e-04
   4.7948e-01   5.1227e-01   1.4015e-04
   4.8048e-01   5.1135e-01   1.3879e-04
   4.8148e-01   5.1043e-01   1.3744e-04
   4.8248e-01   5.0951e-01   1.3610e-04
   4.8348e-01   5.0859e-01   1.3478e-04
   4.8448e-01   5.0767e-01   1.3347e-04
   4.8549e-01   5.0675e-01   1.3217e-04
   4.8649e-01   5.0582e-01   1.3089e-04
   4.8749e-01   5.0490e-01   1.2962e-04
   4.8849e-01   5.0397e-01   1.2836e-04
   4.8949e-01   5.0305e-01   1.2711e-04
   4.9049e-01   5.0212e-01   1.2587e-04
   4.9149e-01   5.0119e-01   1.2465e-04
   4.9249e-01   5.0027e-01   1.2344e-04
   4.9349e-01   4.9934e-01   1.2224e-04
   4.9449e-01   4.9841e-01   1.2105e-04
   4.9550e-01   4.9748e-01   1.1987e-04
   4.9650e-01   4.9655e-01   1.1870e-04
   4.9750e-01   4.9562e-01   1.1755e-04
   4.9850e-01   4.9468e-01   1.1640e-04
   4.9950e-01   4.9375e-01   1.1527e-04
   5.0050e-01   4.9282e-01   1.1415e-04
   5.0150e-01   4.9188e-01   1.1304e-04
   5.0250e-01   4.9095e-01   1.1193e-04
   5.0350e-01   4.9001e-01   1.1084e-04
   5.0450e-01   4.8908e-01   1.0976e-04
   5.0551e-01   4.8814e-01   1.0869e-04
   5.0651e-01   4.8720e-01   1.0764e-04
   5.0751e-01   4.8626e-01   1.0659e-04
   5.0851e-01   4.8533e-01   1.0555e-04
   5.0951e-01   4.8439e-01   1.0452e-04
   5.1051e-01   4.8345e-01   1.0350e-04
   5.1151e-01   4.8251e-01   1.0249e-04
   5.1251e-01   4.8157e-01   1.0149e-04
   5.1351e-01   4.8062e-01   1.0050e-04
   5.1451e-01   4.7968e-01   9.9519e-05
   5.1552e-01   4.7874e-01   9.8548e-05
   5.1652e-01   4.7779e-01   9.7586e-05
   5.1752e-01   4.7685e-01   9.6634e-05
   5.1852e-01   4.7591e-01   9.5690e-05
   5.1952e-01   4.7496e-01   9.4756e-05
   5.2052e-01   4.7402e-01   9.3830e-05
   5.2152e-01   4.7307e-01   9.2914e-05
   5.2252e-01   4.7212e-01   9.2006e-05
   5.2352e-01   4.7117e-01   9.1108e-05
   5.2452e-01   4.7023e-01   9.0217e-05
   5.2553e-01   4.6928e-01   8.9336e-05
   5.2653e-01   4.6833e-01   8.8462e-05
   5.2753e-01   4.6738e-01   8.7598e-05
   5.2853e-01   4.6643e-01   8.6741e-05
   5.2953e-01   4.6548e-01   8.5893e-05
   5.3053e-01   4.6453e-01   8.5053e-05
   5.3153e-01   4.6358e-01   8.4221e-05
   5.3253e-01   4.6262e-01   8.3397e-05
   5.3353e-01   4.6167e-01   8.2581e-05
   5.3453e-01   4.6072e-01   8.1773e-05
   5.3554e-01   4.5977e-01   8.0973e-05
   5.3654e-01   4.5881e-01   8.0180e-05
   5.3754e-01   4.5786e-01   7.9395e-05
   5.3854e-01   4.5690e-01   7.8618e-05
   5.3954e-01   4.5595e-01   7.7848e-05
   5.4054e-01   4.5499e-01   7.7085e-05
   5.4154e-01   4.5404e-01   7.6330e-05
   5.4254e-01   4.5308e-01   7.5582e-05
   5.4354e-01   4.5212e-01   7.4842e-05
   5.4454e-01   4.5116e-01   7.4108e-05
   5.4555e-01   4.5021e-01   7.3382e-05
   5.4655e-01   4.4925e-01   7.2663e-05
   5.4755e-01   4.4829e-01   7.1950e-05
   5.4855e-01   4.4733e-01   7.1244e-05
   5.4955e-01   4.4637e-01   7.0546e-05
   5.5055e-01   4.4541e-01   6.9854e-05
   5.5155e-01   4.4445e-01   6.9168e-05
   5.5255e-01   4.4349e-01   6.8490e-05
   5.5355e-01   4.4253e-01   6.7817e-05
   5.5455e-01   4.4157e-01   6.7152e-05
   5.5556e-01   4.4060e-01   6.6492e-05
   5.5656e-01   4.3964e-01   6.5840e-05
   5.5756e-01   4.3868e-01   6.5193e-05
   5.5856e-01   4.3772e-01   6.4553e-05
   5.5956e-01   4.3675e-01   6.3918e-05
   5.6056e-01   4.3579e-01   6.3290e-05
   5.6156e-01   4.3482e-01   6.2668e-05
   5.6256e-01   4.3386e-01   6.2052e-05
   5.6356e-01   4.3289e-01   6.1442e-05
   5.6456e-01   4.3193e-01   6.0838e-05
   5.6557e-01   4.3096e-01   6.0240e-05
   5.6657e-01   4.3000e-01   5.9648e-05
   5.6757e-01   4.2903e-01   5.9061e-05
   5.6857e-01   4.2806e-01   5.8480e-05
   5.6957e-01   4.2710e-01   5.7904e-05
   5.7057e-01   4.2613e-01   5.7334e-05
   5.7157e-01   4.2516e-01   5.6770e-05
   5.7257e-01   4.2419e-01   5.6211e-05
   5.7357e-01   4.2322e-01   5.5658e-05
   5.7457e-01   4.2226e-01   5.5109e-05
   5.7558e-01   4.2129e-01   5.4567e-05
   5.7658e-01   4.2032e-01   5.4029e-05
   5.7758e-01   4.1935e-01   5.3496e-05
   5.7858e-01   4.1838e-01   5.2969e-05
   5.7958e-01   4.1741e-01   5.2447e-05
   5.8058e-01   4.1644e-01   5.1930e-05
   5.8158e-01   4.1546e-01   5.1418e-05
   5.8258e-01   4.1449e-01   5.0911e-05
   5.8358e-01   4.1352e-01   5.0408e-05
   5.8458e-01   4.1255e-01   4.9911e-05
   5.8559e-01   4.1158e-01   4.9418e-05
   5.8659e-01   4.1061e-01   4.8931e-05
   5.8759e-01   4.0963e-01   4.8448e-05
   5.8859e-01   4.0866e-01   4.7969e-05
   5.8959e-01   4.0769e-01   4.7495e-05
   5.9059e-01   4.0671e-01   4.7026e-05
   5.9159e-01   4.0574e-01   4.6562e-05
   5.9259e-01   4.0476e-01   4.6102e-05
   5.9359e-01   4.0379e-01   4.5646e-05
   5.9459e-01   4.0282e-01   4.5195e-05
   5.9560e-01   4.0184e-01   4.4748e-05
   5.9660e-01   4.0087e-01   4.4305e-05
   5.9760e-01   3.9989e-01   4.3867e-05
   5.9860e-01   3.9891e-01   4.3433e-05
   5.9960e-01   3.9794e-01   4.3003e-05
   6.0060e-01   3.9696e-01   4.2577e-05
   6.0160e-01   3.9599e-01   4.2156e-05
   6.0260e-01   3.9501e-01   4.1738e-05
   6.0360e-01   3.9403e-01   4.1325e-05
   6.0460e-01   3.9306e-01   4.0916e-05
   6.0561e-01   3.9208e-01   4.0510e-05
   6.0661e-01   3.9110e-01   4.0109e-05
   6.0761e-01   3.9012e-01   3.9711e-05
   6.0861e-01   3.8914e-01   3.9317e-05
   6.0961e-01   3.8817e-01   3.8927e-05
   6.1061e-01   3.8719e-01   3.8541e-05
   6.1161e-01   3.8621e-01   3.8159e-05
   6.1261e-01   3.8523e-01   3.7780e-05
   6.1361e-01   3.8425e-01   3.7405e-05
   6.1461e-01   3.8327e-01   3.7034e-05
   6.1562e-01   3.8229e-01   3.6666e-05
   6.1662e-01   3.8131e-01   3.6302e-05
   6.1762e-01   3.8033e-01   3.5941e-05
   6.1862e-01   3.7935e-01   3.5584e-05
   6.1962e-01   3.7837e-01   3.5230e-05
   6.2062e-01   3.7739e-01   3.4880e-05
   6.2162e-01   3.7641e-01   3.4533e-05
   6.2262e-01   3.7543e-01   3.4190e-05
   6.2362e-01   3.7445e-01   3.3849e-05
   6.2462e-01   3.7347e-01   3.3513e-05
   6.2563e-01   3.7248e-01   3.3179e-05
   6.2663e-01   3.7150e-01   3.2849e-05
   6.2763e-01   3.7052e-01   3.2521e-05
   6.2863e-01   3.6954e-01   3.2197e-05
   6.2963e-01   3.6856e-01   3.1877e-05
   6.3063e-01   3.6757e-01   3.1559e-05
   6.3163e-01   3.6659e-01   3.1244e-05
   6.3263e-01   3.6561e-01   3.0933e-05
   6.3363e-01   3.6462e-01   3.0624e-05
   6.3463e-01   3.6364e-01   3.0318e-05
   6.3564e-01   3.6266e-01   3.0016e-05
   6.3664e-01   3.6167e-01   2.9716e-05
   6.3764e-01   3.6069e-01   2.9419e-05
   6.3864e-01   3.5971e-01   2.9125e-05
   6.3964e-01   3.5872e-01   2.8834e-05
   6.4064e-01   3.5774e-01   2.8546e-05
   6.4164e-01   3.5675e-01   2.8261e-05
   6.4264e-01   3.5577e-01   2.7978e-05
   6.4364e-01   3.5478e-01   2.7698e-05
   6.4464e-01   3.5380e-01   2.7421e-05
   6.4565e-01   3.5281e-01   2.7147e-05
   6.4665e-01   3.5183e-01   2.6875e-05
   6.4765e-01   3.5084e-01   2.6606e-05
   6.4865e-01   3.4986e-01   2.6339e-05
   6.4965e-01   3.4887e-01   2.6075e-05
   6.5065e-01   3.4789e-01   2.5814e-05
   6.5165e-01   3.4690e-01   2.5555e-05
   6.5265e-01   3.4591e-01   2.5299e-05
   6.5365e-01   3.4493e-01   2.5045e-05
   6.5465e-01   3.4394e-01   2.4793e-05
   6.5566e-01   3.4295e-01   2.4544e-05
   6.5666e-01   3.4197e-01   2.4298e-05
   6.5766e-01   3.4098e-01   2.4054e-05
   6.5866e-01   3.3999e-01   2.3812e-05
   6.5966e-01   3.3901e-01   2.3573e-05
   6.6066e-01   3.3802e-01   2.3336e-05
   6.6166e-01   3.3703e-01   2.3101e-05
   6.6266e-01   3.3604e-01   2.2868e-05
   6.6366e-01   3.3506e-01   2.2638e-05
   6.6466e-01   3.3407e-01   2.2410e-05
   6.6567e-01   3.3308e-01   2.2184e-05
   6.6667e-01   3.3209e-01   2.1961e-05
   6.6767e-01   3.3110e-01   2.1739e-05
   6.6867e-01   3.3011e-01   2.1520e-05
   6.6967e-01   3.2913e-01   2.1303e-05
   6.7067e-01   3.2814e-01   2.1088e-05
   6.7167e-01   3.2715e-01   2.0875e-05
   6.7267e-01   3.2616e-01   2.0664e-05
   6.7367e-01   3.2517e-01   2.0455e-05
   6.7467e-01   3.2418e-01   2.0249e-05
   6.7568e-01   3.2319e-01   2.0044e-05
   6.7668e-01   3.2220e-01   1.9841e-05
   6.7768e-01   3.2121e-01   1.9640e-05
   6.7868e-01   3.2022e-01   1.9441e-05
   6.7968e-01   3.1923e-01   1.9244e-05
   6.8068e-01   3.1824e-01   1.9049e-05
   6.8168e-01   3.1725e-01   1.8856e-05
   6.8268e-01   3.1626e-01   1.8665e-05
   6.8368e-01   3.1527e-01   1.8476e-05
   6.8468e-01   3.1428e-01   1.8288e-05
   6.8569e-01   3.1329e-01   1.8102e-05
   6.8669e-01   3.1230e-01   1.7919e-05
   6.8769e-01   3.1131e-01   1.7736e-05
   6.8869e-01   3.1032e-01   1.7556e-05
   6.8969e-01   3.0933e-01   1.7378e-05
   6.9069e-01   3.0834e-01   1.7201e-05
   6.9169e-01   3.0735e-01   1.7026e-05
   6.9269e-01   3.0636e-01   1.6852e-05
   6.9369e-01   3.0537e-01   1.6680e-05
   6.9469e-01   3.0438e-01   1.6510e-05
   6.9570e-01   3.0338e-01   1.6342e-05
   6.9670e-01   3.0239e-01   1.6175e-05
   6.9770e-01   3.0140e-01   1.6010e-05
   6.9870e-01   3.0041e-01   1.5846e-05
   6.9970e-01   2.9942e-01   1.5684e-05
   7.0070e-01   2.9843e-01   1.5524e-05
   7.0170e-01   2.9743e-01   1.5365e-05
   7.0270e-01   2.9644e-01   1.5208e-05
   7.0370e-01   2.9545e-01   1.5052e-05
   7.0470e-01   2.9446e-01   1.4898e-05
   7.0571e-01   2.9347e-01   1.4745e-05
   7.0671e-01   2.9247e-01   1.4594e-05
   7.0771e-01   2.9148e-01   1.4444e-05
   7.0871e-01   2.9049e-01   1.4296e-05
   7.0971e-01   2.8950e-01   1.4149e-05
   7.1071e-01   2.8850e-01   1.4003e-05
   7.1171e-01   2.8751e-01   1.3859e-05
   7.1271e-01   2.8652e-01   1.3717e-05
   7.1371e-01   2.8552e-01   1.3576e-05
   7.1471e-01   2.8453e-01   1.3436e-05
   7.1572e-01   2.8354e-01   1.3297e-05
   7.1672e-01   2.8254e-01   1.3160e-05
   7.1772e-01   2.8155e-01   1.3024e-05
   7.1872e-01   2.8056e-01   1.2890e-05
   7.1972e-01   2.7956e-01   1.2756e-05
   7.2072e-01   2.7857e-01   1.2624e-05
   7.2172e-01   2.7758e-01   1.2494e-05
   7.2272e-01   2.7658e-01   1.2364e-05
   7.2372e-01   2.7559e-01   1.2236e-05
   7.2472e-01   2.7460e-01   1.2110e-05
   7.2573e-01   2.7360e-01   1.1984e-05
   7.2673e-01   2.7261e-01   1.1860e-05
   7.2773e-01   2.7161e-01   1.1736e-05
   7.2873e-01   2.7062e-01   1.1614e-05
   7.2973e-01   2.6963e-01   1.1494e-05
   7.3073e-01   2.6863e-01   1.1374e-05
   7.3173e-01   2.6764e-01   1.1255e-05
   7.3273e-01   2.6664e-01   1.1138e-05
   7.3373e-01   2.6565e-01   1.1022e-05
   7.3473e-01   2.6465e-01   1.0907e-05
   7.3574e-01   2.6366e-01   1.0793e-05
   7.3674e-01   2.6267e-01   1.0680e-05
   7.3774e-01   2.6167e-01   1.0568e-05
   7.3874e-01   2.6068e-01   1.0458e-05
   7.3974e-01   2.5968e-01   1.0348e-05
   7.4074e-01   2.5869e-01   1.0240e-05
   7.4174e-01   2.5769e-01   1.0132e-05
   7.4274e-01   2.5670e-01   1.0026e-05
   7.4374e-01   2.5570e-01   9.9204e-06
   7.4474e-01   2.5471e-01   9.8161e-06
   7.4575e-01   2.5371e-01   9.7127e-06
   7.4675e-01   2.5272e-01   9.6104e-06
   7.4775e-01   2.5172e-01   9.5091e-06
   7.4875e-01   2.5073e-01   9.4087e-06
   7.4975e-01   2.4973e-01   9.3094e-06
   7.5075e-01   2.4873e-01   9.2110e-06
   7.5175e-01   2.4774e-01   9.1135e-06
   7.5275e-01   2.4674e-01   9.0170e-06
   7.5375e-01   2.4575e-01   8.9214e-06
   7.5475e-01   2.4475e-01   8.8268e-06
   7.5576e-01   2.4376e-01   8.7331e-06
   7.5676e-01   2.4276e-01   8.6403e-06
   7.5776e-01   2.4176e-01   8.5484e-06
   7.5876e-01   2.4077e-01   8.4573e-06
   7.5976e-01   2.3977e-01   8.3672e-06
   7.6076e-01   2.3878e-01   8.2780e-06
   7.6176e-01   2.3778e-01   8.1896e-06
   7.6276e-01   2.3679e-01   8.1020e-06
   7.6376e-01   2.3579e-01   8.0154e-06
   7.6476e-01   2.3479e-01   7.9295e-06
   7.6577e-01   2.3380e-01   7.8445e-06
   7.6677e-01   2.3280e-01   7.7603e-06
   7.6777e-01   2.3180e-01   7.6770e-06
   7.6877e-01   2.3081e-01   7.5944e-06
   7.6977e-01   2.2981e-01   7.5127e-06
   7.7077e-01   2.2881e-01   7.4317e-06
   7.7177e-01   2.2782e-01   7.3515e-06
   7.7277e-01   2.2682e-01   7.2721e-06
   7.7377e-01   2.2583e-01   7.1935e-06
   7.7477e-01   2.2483e-01   7.1156e-06
   7.7578e-01   2.2383e-01   7.0385e-06
   7.7678e-01   2.2284e-01   6.9622e-06
   7.7778e-01   2.2184e-01   6.8866e-06
   7.7878e-01   2.2084e-01   6.8117e-06
   7.7978e-01   2.1984e-01   6.7375e-06
   7.8078e-01   2.1885e-01   6.6641e-06
   7.8178e-01   2.1785e-01   6.5914e-06
   7.8278e-01   2.1685e-01   6.5193e-06
   7.8378e-01   2.1586e-01   6.4480e-06
   7.8478e-01   2.1486e-01   6.3774e-06
   7.8579e-01   2.1386e-01   6.3075e-06
   7.8679e-01   2.1287e-01   6.2382e-06
   7.8779e-01   2.1187e-01   6.1696e-06
   7.8879e-01   2.1087e-01   6.1017e-06
   7.8979e-01   2.0987e-01   6.0344e-06
   7.9079e-01   2.0888e-01   5.9678e-06
   7.9179e-01   2.0788e-01   5.9018e-06
   7.9279e-01   2.0688e-01   5.8365e-06
   7.9379e-01   2.0589e-01   5.7718e-06
   7.9479e-01   2.0489e-01   5.7077e-06
   7.9580e-01   2.0389e-01   5.6442e-06
   7.9680e-01   2.0289e-01   5.5814e-06
   7.9780e-01   2.0190e-01   5.5192e-06
   7.9880e-01   2.0090e-01   5.4575e-06
   7.9980e-01   1.9990e-01   5.3965e-06
   8.0080e-01   1.9890e-01   5.3361e-06
   8.0180e-01   1.9791e-01   5.2762e-06
   8.0280e-01   1.9691e-01   5.2169e-06
   8.0380e-01   1.9591e-01   5.1582e-06
   8.0480e-01   1.9491e-01   5.1001e-06
   8.0581e-01   1.9391e-01   5.0425e-06
   8.0681e-01   1.9292e-01   4.9855e-06
   8.0781e-01   1.9192e-01   4.9291e-06
   8.0881e-01   1.9092e-01   4.8732e-06
   8.0981e-01   1.8992e-01   4.8178e-06
   8.1081e-01   1.8892e-01   4.7629e-06
   8.1181e-01   1.8793e-01   4.7086e-06
   8.1281e-01   1.8693e-01   4.6548e-06
   8.1381e-01   1.8593e-01   4.6016e-06
   8.1481e-01   1.8493e-01   4.5488e-06
   8.1582e-01   1.8393e-01   4.4966e-06
   8.1682e-01   1.8294e-01   4.4449e-06
   8.1782e-01   1.8194e-01   4.3936e-06
   8.1882e-01   1.8094e-01   4.3429e-06
   8.1982e-01   1.7994e-01   4.2927e-06
   8.2082e-01   1.7894e-01   4.2429e-06
   8.2182e-01   1.7795e-01   4.1936e-06
   8.2282e-01   1.7695e-01   4.1448e-06
   8.2382e-01   1.7595e-01   4.0965e-06
   8.2482e-01   1.7495e-01   4.0486e-06
   8.2583e-01   1.7395e-01   4.0012e-06
   8.2683e-01   1.7295e-01   3.9543e-06
   8.2783e-01   1.7196e-01   3.9078e-06
   8.2883e-01   1.7096e-01   3.8617e-06
   8.2983e-01   1.6996e-01   3.8161e-06
   8.3083e-01   1.6896e-01   3.7710e-06
   8.3183e-01   1.6796e-01   3.7262e-06
   8.3283e-01   1.6696e-01   3.6819e-06
   8.3383e-01   1.6596e-01   3.6381e-06
   8.3483e-01   1.6497e-01   3.5946e-06
   8.3584e-01   1.6397e-01   3.5516e-06
   8.3684e-01   1.6297e-01   3.5090e-06
   8.3784e-01   1.6197e-01   3.4668e-06
   8.3884e-01   1.6097e-01   3.4250e-06
   8.3984e-01   1.5997e-01   3.3836e-06
   8.4084e-01   1.5897e-01   3.3426e-06
   8.4184e-01   1.5798e-01   3.3020e-06
   8.4284e-01   1.5698e-01   3.2618e-06
   8.4384e-01   1.5598e-01   3.2220e-06
   8.4484e-01   1.5498e-01   3.1826e-06
   8.4585e-01   1.5398e-01   3.1435e-06
   8.4685e-01   1.5298e-01   3.1048e-06
   8.4785e-01   1.5198e-01   3.0665e-06
   8.4885e-01   1.5098e-01   3.0286e-06
   8.4985e-01   1.4998e-01   2.9910e-06
   8.5085e-01   1.4899e-01   2.9538e-06
   8.5185e-01   1.4799e-01   2.9170e-06
   8.5285e-01   1.4699e-01   2.8805e-06
   8.5385e-01   1.4599e-01   2.8443e-06
   8.5485e-01   1.4499e-01   2.8085e-06
   8.5586e-01   1.4399e-01   2.7730e-06
   8.5686e-01   1.4299e-01   2.7379e-06
   8.5786e-01   1.4199e-01   2.7032e-06
   8.5886e-01   1.4099e-01   2.6687e-06
   8.5986e-01   1.3999e-01   2.6346e-06
   8.6086e-01   1.3900e-01   2.6008e-06
   8.6186e-01   1.3800e-01   2.5673e-06
   8.6286e-01   1.3700e-01   2.5342e-06
   8.6386e-01   1.3600e-01   2.5014e-06
   8.6486e-01   1.3500e-01   2.4689e-06
   8.6587e-01   1.3400e-01   2.4367e-06
   8.6687e-01   1.3300e-01   2.4048e-06
   8.6787e-01   1.3200e-01   2.3732e-06
   8.6887e-01   1.3100e-01   2.3419e-06
   8.6987e-01   1.3000e-01   2.3109e-06
   8.7087e-01   1.2900e-01   2.2802e-06
   8.7187e-01   1.2800e-01   2.2499e-06
   8.7287e-01   1.2700e-01   2.2197e-06
   8.7387e-01   1.2601e-01   2.1899e-06
   8.7487e-01   1.2501e-01   2.1604e-06
   8.7588e-01   1.2401e-01   2.1312e-06
   8.7688e-01   1.2301e-01   2.1022e-06
   8.7788e-01   1.2201e-01   2.0735e-06
   8.7888e-01   1.2101e-01   2.0451e-06
   8.7988e-01   1.2001e-01   2.0170e-06
   8.8088e-01   1.1901e-01   1.9891e-06
   8.8188e-01   1.1801e-01   1.9615e-06
   8.8288e-01   1.1701e-01   1.9341e-06
   8.8388e-01   1.1601e-01   1.9070e-06
   8.8488e-01   1.1501e-01   1.8802e-06
   8.8589e-01   1.1401e-01   1.8537e-06
   8.8689e-01   1.1301e-01   1.8273e-06
   8.8789e-01   1.1201e-01   1.8013e-06
   8.8889e-01   1.1101e-01   1.7755e-06
   8.8989e-01   1.1001e-01   1.7499e-06
   8.9089e-01   1.0901e-01   1.7246e-06
   8.9189e-01   1.0801e-01   1.6995e-06
   8.9289e-01   1.0702e-01   1.6746e-06
   8.9389e-01   1.0602e-01   1.6500e-06
   8.9489e-01   1.0502e-01   1.6256e-06
   8.9590e-01   1.0402e-01   1.6015e-06
   8.9690e-01   1.0302e-01   1.5776e-06
   8.9790e-01   1.0202e-01   1.5539e-06
   8.9890e-01   1.0102e-01   1.5304e-06
   8.9990e-01   1.0002e-01   1.5072e-06
   9.0090e-01   9.9018e-02   1.4842e-06
   9.0190e-01   9.8018e-02   1.4614e-06
   9.0290e-01   9.7018e-02   1.4388e-06
   9.0390e-01   9.6018e-02   1.4164e-06
   9.0490e-01   9.5019e-02   1.3943e-06
   9.0591e-01   9.4019e-02   1.3723e-06
   9.0691e-01   9.3019e-02   1.3506e-06
   9.0791e-01   9.2019e-02   1.3291e-06
   9.0891e-01   9.1019e-02   1.3077e-06
   9.0991e-01   9.0020e-02   1.2866e-06
   9.1091e-01   8.9020e-02   1.2657e-06
   9.1191e-01   8.8020e-02   1.2449e-06
   9.1291e-01   8.7020e-02   1.2244e-06
   9.1391e-01   8.6020e-02   1.2041e-06
   9.1491e-01   8.5020e-02   1.1839e-06
   9.1592e-01   8.4020e-02   1.1640e-06
   9.1692e-01   8.3021e-02   1.1442e-06
   9.1792e-01   8.2021e-02   1.1246e-06
   9.1892e-01   8.1021e-02   1.1052e-06
   9.1992e-01   8.0021e-02   1.0860e-06
   9.2092e-01   7.9021e-02   1.0670e-06
   9.2192e-01   7.8021e-02   1.0481e-06
   9.2292e-01   7.7021e-02   1.0294e-06
   9.2392e-01   7.6021e-02   1.0109e-06
   9.2492e-01   7.5021e-02   9.9262e-07
   9.2593e-01   7.4021e-02   9.7446e-07
   9.2693e-01   7.3021e-02   9.5648e-07
   9.2793e-01   7.2021e-02   9.3867e-07
   9.2893e-01   7.1021e-02   9.2102e-07
   9.2993e-01   7.0021e-02   9.0354e-07
   9.3093e-01   6.9021e-02   8.8623e-07
   9.3193e-01   6.8021e-02   8.6907e-07
   9.3293e-01   6.7021e-02   8.5208e-07
   9.3393e-01   6.6021e-02   8.3525e-07
   9.3493e-01   6.5020e-02   8.1857e-07
   9.3594e-01   6.4020e-02   8.0205e-07
   9.3694e-01   6.3020e-02   7.8569e-07
   9.3794e-01   6.2020e-02   7.6947e-07
   9.3894e-01   6.1020e-02   7.5341e-07
   9.3994e-01   6.0020e-02   7.3750e-07
   9.4094e-01   5.9020e-02   7.2174e-07
   9.4194e-01   5.8020e-02   7.0613e-07
   9.4294e-01   5.7020e-02   6.9066e-07
   9.4394e-01   5.6019e-02   6.7534e-07
   9.4494e-01   5.5019e-02   6.6015e-07
   9.4595e-01   5.4019e-02   6.4511e-07
   9.4695e-01   5.3019e-02   6.3021e-07
   9.4795e-01   5.2019e-02   6.1545e-07
   9.4895e-01   5.1018e-02   6.0083e-07
   9.4995e-01   5.0018e-02   5.8634e-07
   9.5095e-01   4.9018e-02   5.7199e-07
   9.5195e-01   4.8018e-02   5.5777e-07
   9.5295e-01   4.7018e-02   5.4368e-07
   9.5395e-01   4.6017e-02   5.2973e-07
   9.5495e-01   4.5017e-02   5.1590e-07
   9.5596e-01   4.4017e-02   5.0220e-07
   9.5696e-01   4.3017e-02   4.8863e-07
   9.5796e-01   4.2016e-02   4.7518e-07
   9.5896e-01   4.1016e-02   4.6186e-07
   9.5996e-01   4.0016e-02   4.4866e-07
   9.6096e-01   3.9016e-02   4.3558e-07
   9.6196e-01   3.8015e-02   4.2263e-07
   9.6296e-01   3.7015e-02   4.0979e-07
   9.6396e-01   3.6015e-02   3.9707e-07
   9.6496e-01   3.5014e-02   3.8447e-07
   9.6597e-01   3.4014e-02   3.7199e-07
   9.6697e-01   3.3014e-02   3.5962e-07
   9.6797e-01   3.2013e-02   3.4736e-07
   9.6897e-01   3.1013e-02   3.3522e-07
   9.6997e-01   3.0013e-02   3.2319e-07
   9.7097e-01   2.9012e-02   3.1127e-07
   9.7197e-01   2.8012e-02   2.9946e-07
   9.7297e-01   2.7012e-02   2.8775e-07
   9.7397e-01   2.6011e-02   2.7616e-07
   9.7497e-01   2.5011e-02   2.6467e-07
   9.7598e-01   2.4011e-02   2.5328e-07
   9.7698e-01   2.3010e-02   2.4200e-07
   9.7798e-01   2.2010e-02   2.3083e-07
   9.7898e-01   2.1009e-02   2.1975e-07
   9.7998e-01   2.0009e-02   2.0878e-07
   9.8098e-01   1.9009e-02   1.9790e-07
   9.8198e-01   1.8008e-02   1.8713e-07
   9.8298e-01   1.7008e-02   1.7645e-07
   9.8398e-01   1.6007e-02   1.6587e-07
   9.8498e-01   1.5007e-02   1.5539e-07
   9.8599e-01   1.4007e-02   1.4500e-07
   9.8699e-01   1.3006e-02   1.3471e-07
   9.8799e-01   1.2006e-02   1.2451e-07
   9.8899e-01   1.1005e-02   1.1440e-07
   9.8999e-01   1.0005e-02   1.0438e-07
   9.9099e-01   9.0043e-03   9.4459e-08
   9.9199e-01   8.0039e-03   8.4624e-08
   9.9299e-01   7.0034e-03   7.4877e-08
   9.9399e-01   6.0029e-03   6.5218e-08
   9.9499e-01   5.0024e-03   5.5647e-08
   9.9600e-01   4.0020e-03   4.6161e-08
   9.9700e-01   3.0015e-03   3.6762e-08
   9.9800e-01   2.0010e-03   2.7446e-08
   9.9900e-01   1.0005e-03   1.8215e-08
   1.0000e+00   5.8886e-18   9.0664e-09
