#        x           y      f(x,y)
0.0000e+00  0.0000e+00  0.0000e+00
0.0000e+00  1.9635e-01  3.8553e-02
0.0000e+00  3.9270e-01  1.5421e-01
0.0000e+00  5.8905e-01  3.4698e-01
0.0000e+00  7.8540e-01  6.1685e-01
1.9635e-01  0.0000e+00  1.9635e-01
1.9635e-01  1.9635e-01  2.4247e-01
1.9635e-01  3.9270e-01  3.6569e-01
1.9635e-01  5.8905e-01  5.6599e-01
1.9635e-01  7.8540e-01  8.4336e-01
3.9270e-01  0.0000e+00  3.9270e-01
3.9270e-01  1.9635e-01  4.6150e-01
3.9270e-01  3.9270e-01  6.0723e-01
3.9270e-01  5.8905e-01  8.2971e-01
3.9270e-01  7.8540e-01  1.1288e+00
5.8905e-01  0.0000e+00  5.8905e-01
5.8905e-01  1.9635e-01  6.9558e-01
5.8905e-01  3.9270e-01  8.7831e-01
5.8905e-01  5.8905e-01  1.1363e+00
5.8905e-01  7.8540e-01  1.4688e+00
7.8540e-01  0.0000e+00  7.8540e-01
7.8540e-01  1.9635e-01  9.4459e-01
7.8540e-01  3.9270e-01  1.1780e+00
7.8540e-01  5.8905e-01  1.4829e+00
7.8540e-01  7.8540e-01  1.8566e+00